34
0 -12 1 0
-2 -9 0 0
-4 -6 0 0
-6 -3 0 0
-8 0 0 0
-8 0 0 0
-8 3 0 0
-8 6 0 0
-8 9 0 0
-8 12 0 0
-8 9 0 0
-8 6 0 0
-8 3 0 0
-8 0 0 0
-8 0 0 0
-6 -3 0 0
-4 -6 0 0
-2 -9 0 0
0 -12 0 0
2 -9 0 0
4 -6 0 0
6 -3 0 0
8 0 0 0
8 3 0 0
8 6 0 0
8 9 0 0
8 12 0 0
8 9 0 0
8 6 0 0
8 3 0 0
8 0 0 0
6 -3 0 0
4 -6 0 0
2 -9 0 0

1
-12 6 0 1

1
0 0 1 0

18
0 -4 0 0
-2 -2 0 0
-4 0 0 0
-4 0 0 0
-4 2 0 0
-4 4 0 0
-4 2 0 0
-4 0 0 0
-4 0 0 0
-2 -2 0 0
0 -4 0 0
2 -2 0 0
4 0 0 0
4 2 0 0
4 4 0 0
4 2 0 0
4 0 0 0
2 -2 0 0

46
-3 -4 0 0
-3 -4 0 0
-3 -4 0 0
-3 -4 0 0
-3 -4 0 0
-3 -4 0 0
-3 -4 0 0
-3 -4 0 0
-3 -4 0 0
-3 -4 0 0
-3 -4 0 0
-3 -4 0 0
-3 -4 0 0
-3 -4 0 0
-3 -4 0 0
-3 -3 0 0
-3 -1 0 0
-3 -1 0 0
-3 0 0 0
-3 0 0 0
-3 1 0 0
-3 1 0 0
-3 3 0 0
-3 4 0 0
-3 4 0 0
-3 4 0 0
-3 4 0 0
-3 4 0 0
-3 4 0 0
-3 4 0 0
-3 4 0 0
-3 4 0 0
-3 4 0 0
-3 4 0 0
-3 4 0 0
-3 4 0 0
-3 4 0 0
-3 4 0 0
-3 4 0 0
-3 2 0 0
-3 2 0 0
-3 0 0 0
-3 0 0 0
-3 -2 0 0
-3 -2 0 0
-3 -4 0 0

38
-2 8 0 0
-2 8 0 0
-2 8 0 0
-2 8 0 0
-2 8 0 0
-2 8 0 0
-2 8 0 0
-2 8 0 0
-2 8 0 0
-2 8 0 0
-2 8 0 0
-2 4 0 0
-2 2 0 0
-2 2 0 0
-2 0 0 0
-2 0 0 0
-2 -2 0 0
-2 -2 0 0
-2 -4 0 0
-2 -8 0 0
-2 -8 0 0
-2 -8 0 0
-2 -8 0 0
-2 -8 0 0
-2 -8 0 0
-2 -8 0 0
-2 -8 0 0
-2 -8 0 0
-2 -8 0 0
-2 -8 0 0
-2 -4 0 0
-2 -2 0 0
-2 -2 0 0
-2 0 0 0
-2 0 0 0
-2 2 0 0
-2 2 0 0
-2 4 0 0

93
-6 2 0 1
-6 2 0 1
-6 2 0 1
-6 2 0 1
-6 2 0 1
-6 2 0 1
-6 2 0 1
-6 2 0 1
-6 2 0 1
-6 2 0 1
-6 2 0 1
-6 2 0 1
-6 2 0 1
-6 2 0 1
-6 2 0 1
-6 2 0 1
-6 2 0 1
-6 2 0 1
-6 2 0 1
-6 2 0 1
-6 2 0 1
-6 2 0 1
-6 2 0 1
-6 2 0 1
-6 2 0 1
-6 2 0 1
-6 2 0 1
-6 2 0 1
-6 2 0 1
-6 2 0 1
-6 2 0 1
-6 2 0 1
-6 2 0 1
-6 2 0 1
-6 2 0 1
-6 2 0 1
-6 2 0 1
-6 2 0 1
-6 2 0 1
-6 2 0 1
-6 2 0 1
-6 2 0 1
-6 2 0 1
-6 2 0 1
-6 2 0 1
-6 2 0 1
0 0 0 0
0 0 0 0
0 0 0 0
0 0 0 0
0 0 0 0
0 0 0 0
0 0 0 0
0 0 0 0
0 0 0 0
0 0 0 0
10 -2 0 1
10 -2 0 1
10 -2 0 1
10 -2 0 1
10 -2 0 1
10 -2 0 1
10 -2 0 1
10 -2 0 1
10 -2 0 1
10 -2 0 1
10 -2 0 1
10 -2 0 1
10 -2 0 1
10 -2 0 1
10 -2 0 1
10 -2 0 1
10 -2 0 1
10 -2 0 1
10 -2 0 1
10 -2 0 1
10 -2 0 1
10 -2 0 1
10 -2 0 1
10 -2 0 1
10 -2 0 1
10 -2 0 1
10 -2 0 1
10 -2 0 1
10 -2 0 1
10 -2 0 1
10 -2 0 1
10 -2 0 1
10 -2 0 1
10 -2 0 1
10 -2 0 1
10 -2 0 1
10 -2 0 1

1
0 0 0 0

34
-25 -2 0 0
-22 -2 0 0
-19 -2 0 0
-16 -2 0 0
-13 -2 0 0
-11 -2 0 0
-9 -2 0 0
-7 -2 0 0
-5 -2 0 0
-4 -2 0 0
-3 -2 0 0
-2 -2 0 0
-1 -2 0 0
-1 -2 0 0
-1 -2 0 0
0 -2 0 0
0 -2 0 0
0 -2 0 0
1 -2 0 0
1 -2 0 0
1 -2 0 0
2 -2 0 0
3 -2 0 0
4 -2 0 0
5 -2 0 0
7 -2 0 0
9 -2 0 0
11 -2 0 0
13 -2 0 0
16 -2 0 0
19 -2 0 0
22 -2 0 0
25 -2 0 0
25 -2 0 0

122
-2 4 0 1
-2 4 0 1
-2 4 0 1
-2 4 0 1
-2 4 0 1
-2 4 0 1
-2 4 0 1
-2 4 0 1
-2 4 0 1
-2 4 0 1
-2 4 0 1
-2 4 0 1
-2 4 0 1
-2 4 0 1
-2 4 0 1
-2 4 0 1
-2 4 0 1
-2 4 0 1
-2 4 0 1
-2 4 0 1
-2 4 0 1
-2 4 0 1
-2 4 0 1
-2 4 0 1
-2 4 0 1
-4 4 0 1
-4 4 0 1
-4 4 0 1
-4 4 0 1
-4 4 0 1
-4 4 0 1
-4 4 0 1
-4 4 0 1
-4 4 0 1
-4 4 0 1
-4 4 0 1
-4 4 0 1
-4 4 0 1
-4 4 0 1
-4 4 0 1
-4 4 0 1
-4 4 0 1
-4 4 0 1
-4 4 0 1
-4 4 0 1
-4 4 0 1
-4 4 0 1
-4 4 0 1
-4 4 0 1
-6 4 0 1
-6 4 0 1
-6 4 0 1
-6 4 0 1
-6 4 0 1
-6 4 0 1
-6 4 0 1
-6 4 0 1
-6 4 0 1
-6 4 0 1
-6 4 0 1
-6 4 0 1
-6 4 0 1
-6 4 0 1
-6 4 0 1
-6 4 0 1
-6 4 0 1
-6 4 0 1
-6 4 0 1
-6 4 0 1
-6 4 0 1
-6 4 0 1
-6 4 0 1
-6 4 0 1
-9 4 0 1
-9 4 0 1
-9 4 0 1
-9 4 0 1
-9 4 0 1
-9 4 0 1
-9 4 0 1
-9 4 0 1
-9 4 0 1
-9 4 0 1
-9 4 0 1
-9 4 0 1
-9 4 0 1
-9 4 0 1
-9 4 0 1
-9 4 0 1
-9 4 0 1
-9 4 0 1
-9 4 0 1
-9 4 0 1
-9 4 0 1
-9 4 0 1
-9 4 0 1
-9 4 0 1
-13 4 0 1
-13 4 0 1
-13 4 0 1
-13 4 0 1
-13 4 0 1
-13 4 0 1
-13 4 0 1
-13 4 0 1
-13 4 0 1
-13 4 0 1
-13 4 0 1
-13 4 0 1
-13 4 0 1
-13 4 0 1
-13 4 0 1
-13 4 0 1
-13 4 0 1
-13 4 0 1
-13 4 0 1
-13 4 0 1
-13 4 0 1
-13 4 0 1
-13 4 0 1
-13 4 0 1
-18 4 0 1
-18 4 0 1
-18 4 0 1
-18 4 0 1
-18 4 0 1
-18 4 0 1
-24 4 0 1
-24 4 0 1
-31 4 0 1
-40 4 0 1

56
-4 4 0 0
-4 4 0 0
-4 4 0 0
-4 4 0 0
-4 4 0 0
-4 4 0 0
-4 4 0 0
-4 4 0 0
-4 4 0 0
-4 4 0 0
-4 4 0 0
-4 4 0 0
-4 4 0 0
-4 4 0 0
-4 4 0 0
-4 4 0 0
-4 4 0 0
-4 4 0 0
-4 4 0 0
-4 4 0 0
-4 4 0 0
-4 4 0 0
-4 4 0 0
-4 4 0 0
-4 4 0 0
-4 4 0 0
-4 4 0 0
-4 4 0 0
-4 -4 0 0
-4 -4 0 0
-4 -4 0 0
-4 -4 0 0
-4 -4 0 0
-4 -4 0 0
-4 -4 0 0
-4 -4 0 0
-4 -4 0 0
-4 -4 0 0
-4 -4 0 0
-4 -4 0 0
-4 -4 0 0
-4 -4 0 0
-4 -4 0 0
-4 -4 0 0
-4 -4 0 0
-4 -4 0 0
-4 -4 0 0
-4 -4 0 0
-4 -4 0 0
-4 -4 0 0
-4 -4 0 0
-4 -4 0 0
-4 -4 0 0
-4 -4 0 0
-4 -4 0 0
-4 -4 0 0
