3 1984 0
3 2048 0
3 2112 0
1 3584 0
3 3840 0
3 3904 0
3 3968 0
3 4032 0
3 4608 0
3 4672 0
3 4736 0
3 4800 0
3 4864 0
1 5952 0
3 6720 0
3 7104 0
3 7168 0
3 7232 0
1 7360 0
3 7552 0
3 7872 0
1 8192 0
3 8320 0
3 8448 0
3 8832 0
3 9024 0
3 9216 0
3 9408 0
0 1152 64
0 1216 64
0 1280 64
0 1344 64
1 2304 64
3 3840 64
3 3904 64
3 3968 64
3 4032 64
3 7552 64
3 8576 64
3 9664 64
3 9728 64
3 9792 64
3 11904 64
1 12480 64
3 13376 64
3 13504 64
1 13568 64
3 13632 64
3 13760 64
3 13888 64
9 25408 64
3 2752 128
3 2816 128
3 2880 128
3 3840 128
3 3904 128
3 3968 128
3 4032 128
0 5184 128
0 5248 128
0 5312 128
0 6464 128
0 6528 128
0 6592 128
0 6656 128
0 6720 128
0 6784 128
0 6848 128
0 6912 128
0 6976 128
3 7552 128
3 8000 128
3 8512 128
1 8768 128
3 9792 128
3 11904 128
0 12608 128
0 12672 128
0 12736 128
0 12800 128
0 12864 128
0 12928 128
0 12992 128
0 14208 128
0 14272 128
0 14336 128
0 14400 128
3 14656 128
3 14720 128
3 14784 128
3 14848 128
1 15232 128
3 19904 128
4 20480 128
6 25344 128
0 1152 192
0 1216 192
0 1280 192
0 1344 192
3 1984 192
3 2048 192
3 2112 192
3 3840 192
3 3904 192
3 3968 192
3 4032 192
1 7360 192
3 7552 192
3 8256 192
3 9792 192
1 10112 192
0 11200 192
0 11264 192
0 11328 192
0 11392 192
0 11456 192
3 11904 192
3 12992 192
1 13376 192
3 14592 192
4 20480 192
4 24256 192
5 25344 192
0 2560 256
1 6208 256
3 6720 256
3 8448 256
3 9664 256
3 9728 256
3 9792 256
1 9984 256
3 11520 256
3 11904 256
1 12288 256
0 12608 256
0 12672 256
0 12736 256
0 12800 256
0 12864 256
0 12928 256
0 12992 256
2 13120 256
2 13184 256
0 14208 256
0 14272 256
0 14336 256
0 14400 256
3 14528 256
4 15488 256
3 20032 256
4 20480 256
4 24256 256
8 25408 256
2 1856 320
3 4608 320
3 4672 320
3 4736 320
3 4800 320
3 4864 320
2 6784 320
3 7104 320
3 7168 320
3 7232 320
1 7808 320
3 8064 320
3 8384 320
2 9792 320
1 10112 320
3 11520 320
3 11904 320
3 13376 320
3 13504 320
3 13632 320
2 13696 320
3 13760 320
1 13824 320
3 13888 320
3 14592 320
4 15488 320
4 18816 320
3 19776 320
4 20480 320
4 21824 320
4 24256 320
2 2624 384
2 4480 384
2 4544 384
2 4608 384
2 6720 384
2 6912 384
2 7040 384
2 7168 384
3 8128 384
2 9728 384
4 9792 384
0 11200 384
0 11264 384
0 11328 384
0 11392 384
0 11456 384
3 11904 384
2 12480 384
2 12544 384
2 13632 384
0 14208 384
0 14272 384
0 14336 384
0 14400 384
3 14656 384
3 14720 384
3 14784 384
3 14848 384
4 18816 384
4 20480 384
4 21824 384
7 25344 384
2 2560 448
2 9664 448
4 9728 448
4 9792 448
2 10624 448
2 11456 448
2 11776 448
3 11904 448
2 12224 448
2 12288 448
2 12736 448
2 12800 448
2 13376 448
1 15040 448
4 18816 448
9 25408 448
2 1024 512
2 2496 512
1 3456 512
2 3584 512
2 3648 512
2 3712 512
2 3776 512
2 9600 512
4 9664 512
4 9728 512
4 9792 512
2 10496 512
2 15872 512
2 15936 512
2 16000 512
2 16064 512
2 18560 512
2 18624 512
2 18688 512
2 18752 512
4 18816 512
2 21568 512
